69353481,
69216613,
68123711,
68090268,
68082763,
67973714,
67972480,
67911929,
67911928,
67911906,
67911806,
67911382,
67911370,
67911366,
67911218,
67911210,
67910972,
67910969,
67910786,
67910652,
67910346,
67910128,
67904378,
67904326,
67904312,
67902272,
67888852,
67886976,
67886089,
67860612,
67844824,
67841938,
67833266,
67817626,
67811787,
67810392,
67800647,
67800044,
67797113,
67746407,
67740351,
67736496,
67736416,
67736395,
67736362,
67736268,
67736257,
67736246,
67734987,
67734954,
67734924,
67734911,
67734897,
67734836,
67734819,
67732888,
67732618,
67725384,
67723715,
67720398,
67717737,
67697989,
67684149,
67661462,
67645683,
67620563,
67615695,
67607994,
67600344,
67595058,
67594362,
67593855,
67586589,
67586015,
67565924,
67545167,
67530923,
67530874,
67527257,
67527094,
67521436,
67511193,
67510764,
67510603,
67509176,
67502121,
67493388,
67493165,
67476808,
67476801,
67472614,
67460176,
67435589,
67435468,
67432417,
67430301,
67427813,
67426365,
67388629,
67388352,
67375170,
67375099,
67374999,
67374589,
67374582,
67340596,
67336879,
67335357,
67334536,
67328818,
67328719,
67313518,
67312382,
67283865,
67283735,
67277510,
67277222,
67273833,
67267996,
67263632,
67263193,
67263106,
67256699,
67253623,
67245151,
67234887,
67234316,
67221885,
67215915,
67130584,
67125175,
67119304,
67110778,
67101035,
67057887,
67057347,
66995604,
66994361,
66967411,
66949978,
66949518,
66949516,
66944230,
66938246,
66934794,
66878017,
66874921,
66867695,
66865688,
66858957,
66774747,
66763906,
66744972,
66744461,
66742359,
66724740,
66688053,
66687977,
66687674,
66610769,
66603512,
66514791,
66509534,
66509424,
66451894,
66417505,
66382849,
66381252,
66366295,
66224340,
