69648930,
69646065,
69621124,
69605495,
69570500,
69496967,
69493155,
69449752,
69424984,
69374538,
69297958,
69274481,
69266292,
69230363,
69229931,
69208568,
69207975,
69133835,
69132856,
69127914,
69111918,
69104046,
69103321,
69103251,
69098077,
69089478,
69089469,
69050214,
69047321,
69041463,
68936934,
68912696,
68870462,
68742821,
68716927,
68688673,
68539615,
68519885,
68477418,
68469720,
68466139,
68466087,
68298177,
68280467,
68276586,
68266673,
68105777,
68086327,
67929860,
67901249,
67725959,
67720191,
67711998,
67670279,
67515677,
67487155,
67340666,
67328602,
67328600,
67165977,
67155356,
67116110,
67089612,
66936815,
66397868,
66189244,
65941856,
65930790,
65786099,
65781347,
65677054,
65430539,
65377363,
65319108,
65033221,
64965803,
64952016,
64861376,
64813529,
64786270,
64746459,
64734060,
64678940,
64551844
