5107
4899
4900
4903
4902
5012
4901
3661
4904
4843
4844
4845
4846
4736
4411
4412
4733
4734
2301
4558
4559
4745
4560
4406
4213
4737
4533
4532
4501
4410
4409
4423
4450
4422
4417
4418
4407
4397
4398
4094
4123
4395
4493
4460
4408
4399
4459
3682
3683
3684
3685
3612
3613
3746
3614
3615
3616
3611
3608
3609
4730
4731
3633
3634
1397
1975
3812
4084
4585
3967
4732
1150
33
4863
4864
4867
4868
4869
4871
4873
4874
4875
4876
4877
4878
4879
4880
4881
4882
4982
4949
4884
4888
4886
4974
4948
4887
4972
4892
4893
4894
4895
4896
708
1081
1082
1083
1084
4260
2372
4259
4264
4265
4258
4583
3823
3824
3825
3826
3827
4247
4248
4249
4250
4251
1869
4257
3803
3804
3805
2290
2329
4557
4142
4143
1870
2166
2386
2387
4328
4329
4330
2288
4331
4334
4335
4336
4337
4338
4339
4340
4341
4376
4377
4378
4375
4356
4342
4343
4344
4346
4349
4350
4351
4322
4323
4324
4325
4326
4327
1873
4231
1874
4788
4789
4790
4791
4792
4793
4321
4317
4318
4319
4320
4584
3842
2289
4587
3580
4372
4373
3845
3846
3579
3599
4345
4347
4348
4586
3849
4359
4360
4366
4367
4368
4369
4352
4374
4355
3880
2111
3777
3671
1448
3778
4066
3666
3968
4010
3770
3877
1649
3771
49
67
2109
51
2086
1175
2326
2246
2107
868
869
870
871
872
2330
1960
528
1630
1890
491
2324
2331
2327
2328
1875
1396
1618
1559
1151
1880
1879
1884
1885
1881
1882
1883
1442
3622
2588
1605
179
1953
160
4147
3743
3744
1453
3960
3961
3962
1263
777
775
1036
1048
1049
778
1055
582
95
1178
1177
764
583
3886
3887
3888
3889
3890
3891
3892
3893
1207
1228
1229
1230
1232
1233
1235
1239
1240
1241
1242
1724
1725
1726
1727
1505
1506
1507
1508
3766
3767
3768
3769
4426
3912
2663
2690
3761
2650
2649
3762
3763
2671
2653
2652
2692
2654
2655
2693
2694
2656
2657
4909
4548
4549
4550
4551
4552
4553
4129
4130
4131
4132
4112
4089
36
4128
1471
4074
4075
4076
3726
3727
4113
3713
1564
4958
4537
4536
3999
4266
4977
4978
4979
4980
2029
4307
4313
4314
2590
4822
4794
4795
4796
4797
2709
4495
4496
4497
4498
4489
4490
4491
4492
1604
4227
2212
2213
2214
2215
2216
2217
2218
2219
2220
4963
3920
5016
2594
2172
4023
5014
2638
3748
4087
3716
3921
3718
2584
4209
4024
4069
2595
5008
4946
4494
4589
4933
4483
4934
4452
4742
4947
4932
4935
2119
3806
5099
5097
4568
1258
1256
2169
1257
1157
2170
1625
2168
971
2171
4964
4965
4966
4967
4968
4969
4970
4971
4446
4447
2192
4141
4819
2418
4961
2191
946
4816
2705
4809
4080
2174
2581
2580
3980
4572
4561
4401
4400
4402
4081
4022
3918
3919
1787
2177
2704
2176
3604
2178
2179
2180
2181
4232
3590
4203
4204
4205
4206
2243
4907
2238
5005
3982
3983
1827
3867
2205
2206
2207
2208
2209
2210
4150
4151
4152
4153
4154
4155
4239
4240
4241
2200
2201
2202
829
2203
2204
827
4487
3928
3929
3723
4120
2250
2263
2414
2407
3714
4228
1719
4229
3775
4063
3930
3776
3931
3932
2251
2252
2253
3936
3937
2254
2224
4235
3941
3943
3942
2255
2256
2257
2258
2272
2274
3855
2259
2260
2261
1839
3948
3949
3950
3951
3952
3953
3597
1440
2696
1634
1635
4085
4156
4157
4158
4159
4137
4138
4160
4161
4162
4163
4164
4165
4166
4167
4168
4169
4170
4171
4172
4173
4174
4175
4176
4177
4178
4179
4180
4181
4182
4183
4184
4185
4186
4187
4188
4189
4190
4191
4192
4193
4591
4592
4593
4594
4595
4596
4597
4598
4599
4600
4601
4602
4603
4604
4605
4606
4607
4608
4609
4610
4611
4612
4613
4614
4615
4616
4617
4618
4619
4620
4621
1357
1358
1359
1360
1361
1362
1363
1371
1367
1373
1372
2524
2609
2450
2471
2472
2483
2484
2485
2486
2487
2488
2489
2490
2491
2492
2493
2494
2495
2496
2497
2498
2499
2500
2501
2502
2503
2504
2505
2506
2507
2508
2509
2510
2511
2512
2513
2514
2515
2516
2517
2518
2519
2520
2521
2522
2523
2526
2527
2528
2529
2530
2531
2532
2533
2534
2535
2536
2537
2538
2539
2540
2541
2542
2543
2544
2545
2546
2547
2548
2549
2550
2551
2552
2553
2554
2555
2556
2557
2558
2559
2560
2561
2562
2563
2564
2565
2566
798
801
802
803
851
5042
3894
3895
3896
3897
3898
3899
3900
3901
3902
3903
3904
3905
3906
3907
3908
3909
3910
3911
3924
4510
4509
4508
5077
5078
5079
5080
5081
5082
5083
5084
5085
5086
5087
5088
5089
5090
5091
1865
1158
1866
1867
715
716
2598
2599
2600
2601
2602
2603
2719
2720
2721
2722
2723
2724
2725
2726
2727
2728
2729
2730
2731
2732
2733
2734
2735
2736
2737
2738
2739
2740
2741
2742
2743
2744
2745
2746
2747
2748
2749
2750
2751
2752
2753
2754
2755
2756
2757
4002
1018
2678
2666
2153
1125
2262
3782
2408
2146
1392
1444
352
794
1022
2710
2639
2152
3764
997
3802
4392
4814
3665
2569
4007
4099
3913
4008
4077
4315
4394
4539
3765
3922
4455
4078
4404
4454
1000
4405
1015
3977
4453
5019
4070
5105
2374
4486
2597
4479
2375
2359
4393
1627
4071
3976
4006
4072
4073
3772
4095
3773
3774
2596
4097
4233
2668
4118
4268
2691
2348
2658
2672
4396
2695
4092
2670
2697
2661
2669
1339
2660
2688
2651
2659
2648
905
2689
3657
858
1195
1650
1895
2674
2675
1095
2230
2673
861
1740
2148
2149
2147
2151
2150
759
1643
888
2667
2571
1270
2587
2413
2412
1566
1565
1567
1562
1563
1571
1572
1606
2399
2400
2401
1976
3659
748
1583
2211
1647
1628
1734
2182
2126
840
903
2185
1945
711
1732
942
2136
2137
2134
2132
2131
2139
761
1174
860
1738
4842
4850
4851
4855
4847
4848
4849
4859
4860
4852
4853
4854
4856
4857
4858
1451
1452
1454
1456
1457
1472
1479
1481
1483
1484
1486
1487
1489
1490
1460
1470
1455
1477
1482
1485
1488
1466
3492
3493
3494
3495
3496
3497
3498
3499
3500
3501
3502
3503
3504
3505
3506
3507
3508
3509
3510
3511
3512
3513
3514
3515
3516
3517
3518
3519
3520
3521
3522
3523
1731
1717
1450
340
342
343
1268
1271
1264
1272
1269
1267
1265
1962
1963
1964
1965
1966
1967
1968
1969
1970
1971
1972
1973
1974
3593
2645
2646
2647
2402
2403
2404
1977
1978
1979
1980
1981
1982
1983
1984
1985
1946
1389
1391
1388
1390
1854
1855
1856
1857
1858
1853
1859
1860
1861
1862
1863
1844
1845
1846
1847
1848
1849
1850
1851
1852
2634
2635
2636
2637
2626
2627
2628
2629
2677
1014
4954
4955
4956
4957
4950
4951
4952
4953
4747
4748
4749
4750
4906
4751
4752
4753
4754
4755
4756
4757
4758
4759
4760
4761
4762
4763
4764
4765
4766
5058
5059
5060
5061
504
1121
1138
1499
1530
1569
1832
1864
1877
1926
1932
2128
2311
2398
2416
2605
2699
3581
3605
3662
3724
3754
3781
4862
437
505
686
986
1275
1279
1298
1307
1315
1344
1364
1427
1500
1531
1570
1592
1741
1779
1826
1833
1841
1925
1931
2087
2105
2140
2270
2306
2312
2575
2610
2619
2625
2630
2706
3606
3730
3749
3755
4125
292
439
492
506
533
687
813
990
1019
1044
1139
1276
1280
1299
1308
1316
1327
1365
1496
1532
1568
1578
1593
1742
1828
1834
1842
1921
1927
2088
2130
2141
2313
2406
2417
2620
2631
2707
3598
3607
3747
3750
3756
3815
3821
3860
4019
155
440
493
507
688
814
1001
1016
1024
1277
1281
1300
1309
1317
1328
1335
1345
1383
1420
1534
1576
1636
1743
1780
1818
1835
1843
1922
1928
2089
2129
2142
2268
2275
2302
2314
2361
2611
2621
2632
2708
3596
3751
3757
3822
3885
4009
4083
4389
163
441
494
689
950
1023
1113
1131
1140
1278
1282
1301
1310
1318
1329
1334
1346
1385
1415
1498
1535
1537
1580
1637
1744
1819
1820
1836
1923
1929
2090
2138
2143
2225
2226
2304
2315
2357
2397
2419
2591
2593
2612
2622
2633
3653
3752
3758
3813
3814
3831
3858
4124
4390
442
495
659
690
739
834
891
892
951
1020
1029
1283
1302
1311
1319
1330
1336
1347
1374
1386
1426
1536
1577
1602
1639
1745
1781
1837
1924
1930
2091
2135
2144
2196
2227
2264
2269
2316
2356
2577
2613
2623
2702
3654
3753
3759
3820
3828
3857
3859
496
691
894
954
1021
1030
1141
1284
1303
1312
1320
1331
1337
1348
1375
1387
1446
1467
1533
1589
1601
1746
1838
2092
2145
2161
2184
2228
2235
2265
2292
2317
2352
2358
2420
2614
2624
3652
3760
3780
3819
3829
4003
4476
34
443
585
602
692
947
955
1025
1285
1304
1313
1321
1333
1349
1384
1447
1502
1504
1591
1600
1747
1782
1909
1947
2093
2116
2122
2124
2173
2223
2229
2266
2318
2586
2615
3667
3789
3808
3835
3863
3969
3984
4001
4477
444
693
768
948
958
1142
1183
1185
1191
1196
1286
1305
1314
1322
1340
1350
1399
1552
1590
1599
1739
1748
1831
1905
1995
2094
2110
2114
2160
2231
2237
2267
2291
2321
2388
2394
2421
2616
2640
3784
3807
3809
3836
56
98
307
1094
1146
1287
1306
1323
1351
1377
1555
1596
1629
1728
1749
1783
1906
2081
2095
2115
2154
2155
2187
2293
2319
2389
2393
2583
2585
2617
2641
2664
3603
3837
4464
100
661
784
847
1108
1116
1145
1147
1288
1324
1352
1379
1468
1597
1750
1907
1914
2082
2096
2113
2156
2189
2239
2320
2360
2422
2576
2618
2700
3810
3917
4465
457
529
787
856
974
1068
1120
1130
1289
1343
1353
1380
1414
1416
1573
1598
1640
1751
1784
1802
1897
1913
2097
2112
2133
2157
2240
2385
2395
2423
2643
3676
4065
4466
438
511
530
841
922
1112
1290
1332
1354
1417
1501
1553
1603
1638
1646
1752
1785
1803
1898
2098
2158
2162
2295
2376
2424
3655
3783
3816
4079
4461
64
975
989
1045
1085
1188
1238
1253
1259
1291
1338
1355
1356
1376
1395
1419
1441
1554
1594
1617
1722
1753
1804
1871
2099
2167
2391
2405
3660
3818
4211
4462
744
836
876
976
1006
1292
1378
1413
1418
1445
1556
1595
1805
2100
2102
2118
2294
2296
2309
2353
2366
2574
2578
2642
2676
4230
4463
512
939
993
1096
1106
1194
1250
1293
1382
1557
1574
1584
1788
1806
1986
2103
2123
2310
2371
2396
2665
3717
3864
723
1032
1154
1251
1294
1462
1558
1588
1645
1718
1790
1799
1807
1987
2297
2354
2367
2390
3656
4467
76
695
1034
1046
1088
1252
1295
1408
1428
1796
1808
1910
1988
2104
2355
2363
3583
3675
3725
4470
77
563
818
837
1216
1296
1381
1429
1587
1735
1736
1791
1809
1989
3817
4468
78
1155
1297
1642
1797
1911
1961
1990
2644
4469
785
988
1245
1475
1789
1798
1991
2608
4544
985
1246
1550
1641
1792
1801
2083
2409
4545
967
1220
1247
1551
1626
1800
1912
4471
699
1461
1469
1793
4472
835
1794
2662
4473
928
968
979
1464
1795
1189
1908
2085
4474
791
2084
684
1086
2101
1730
2307
1491
1733
1943
1944
2410
1721
2411
1176
1652
1495
1653
1648
1654
1492
1655
4225
1186
1656
913
1657
1658
1716
917
1659
188
1660
1661
1662
1663
1664
1665
2037
1666
1667
1668
1669
1670
1671
1672
1673
1674
1675
1676
1677
1678
1679
1680
1681
1682
1683
1684
1685
1686
1687
1688
1689
1690
1691
1692
1693
1694
1695
1696
1697
1698
1699
1412
1700
1701
1620
1702
1703
1621
1704
1705
1706
1707
1708
1709
1710
1711
1712
1713
1714
2687